x
0 1
1 9.446999999999999 32.471
2 0.738 9.743
3 0 9.428000000000001
4 0 8.988
5 0 42.895
6 0 40.347
7 0 11.424
8 1.346 16.468
9 0.762 12.821
10 5.979 32.226
11 0 10.347
12 1.002 8.901999999999999
13 1.808 18.242
14 0 7.752
15 0 2.44
16 0 1.172
17 0 2.997
18 0 10.054
19 0 14.677
20 1.75 10.09
21 0 5.783
22 0 8.116
23 0 13.374
24 0 14.408
25 0 17.148
26 1.239 23.145
27 0 34.509
28 0 7.616
29 5.566 36.201
30 0 23.736
31 0.498 21.864
32 0.73 9.103
33 0 7.675
34 0 7.752
35 0 5.035
36 0 7.154
37 1.409 13.706
38 0 3.602
39 40.691 76.884
40 0 12.88
41 0.325 9.365
42 0 5.495
43 0 15.638
44 0 13.491
45 0 6.502
46 0 5.657
47 0.366 4.73
48 0 4.216
49 0 5.4
50 0 10.406
51 6.093 26.075
52 67.503 130.373
53 0.421 18.664
54 0 3.046
55 0 9.365
56 0 2.05
57 2.004 11.489
58 26.205 53.363
59 0 3.98
60 0 6.616
61 0 14.749
62 0 6.302
63 0 5.935
64 0 6.574
65 0 22.806
66 0 12.947
67 0 22.551
68 1.523 16.906
69 0 17.664
70 0 6.293
